-4.984195471805954867e+02
-1.522311710022536886e+02
-1.108293763037337953e+02
-1.991574421481860497e+02
-1.400468554639226682e+02
-1.424436990393442102e+02
-1.093669427600122219e+02
-5.723814441959588351e+01
-1.052562281996951441e+02
-1.865987600692309343e+02
-1.379695671246653319e+02
-3.351988781130260122e+02
-8.175784136487442311e+02
-6.791639138640732654e-01
-4.715363020718068015e+02
-2.015158219053613777e+02
-1.509627908024069995e+02
-2.338688755191401754e+02
-1.636781970091462313e+02
-1.490748735569987105e+02
-1.867718750978711171e+02
-4.232417597034539654e+02
-7.520365699795117962e+02
-4.644502303712226876e+02
-5.336133872169821757e+01
-2.695557747144275140e+01
-5.367870773920300564e+01
-3.496031306014432971e+01
-4.309981534453667678e+02
-1.201316123794306066e+02
-1.232966222586353240e+02
-4.175346320214784157e+01
1.858395929633303467e+02
-1.808292148820549414e+02
-2.361896159153866677e+02
-2.220120223478903370e+02
-3.039357341322100865e+02
-1.792864836919039817e+02
-3.862106019765241172e+01
-6.967625417326681259e+01
-8.513668789139180149e+01
-6.489604484417796471e+01
-8.270835042740787912e+01
-5.625810933409803738e+01
-1.507593359008675407e+02
-3.093213286523956640e+02
-1.471966982252762079e+02
-1.229711175815780422e+02
-2.703349356499566056e+02
-1.201847468125163800e+02
-3.765849283154636851e+01
-6.088873851527865355e+01
-9.023791407531334130e+01
-1.180194549995224662e+02
-1.303882843494186830e+02
-6.659137624108836917e+00
-2.239370496291749646e+02
-1.538549779963544779e+02
-2.910034735148383334e+02
2.384520112796230933e+02
-2.549812168203360727e+02
-7.836726668770199922e+01
-2.502982878323316527e+02
-1.985602263305483177e+02
-5.582582449696957383e+00
-2.566959655364764217e+02
-1.471085951619264165e+01
-3.484168638366309096e+02
1.291347984278681338e+01
-3.248064348081577180e+01
-2.815234245590578439e+02
-2.718533661151337242e+02
-6.002559665152901403e+00
-4.480315840202236188e+01
2.407418052738397307e+02
-7.981767770954812136e+01
2.578244823505071395e+02
-2.912769050305304290e+02
-1.719290298179256240e+02
-4.642977739610165600e+01
-5.797907387224063314e+01
-2.341970278920560702e+02
-2.540375917974898243e+02
-1.411290122216355485e+02
-5.720780717135253468e+01
-1.268356378409039280e+02
-1.861874130341858802e+01
-1.578625670298123964e+02
-2.549546085911508158e+02
6.057748013273425158e+00
8.355347470395372511e+00
-4.315167606854181770e+01
-1.623388284806243576e+02
2.023005891388660871e+01
-1.254903461170268031e+01
-8.722013693959240754e-02
-1.389438613367798041e+02
-2.502087481736139978e+02
-1.715636559256800524e+02
-1.218022450004842625e+02
-4.471332460555583452e+02
-1.880782680354420222e+02
-1.881892436665978039e+02
-2.074580217274678944e+02
-1.676257758535457469e+02
-1.703920920628929991e+02
-2.042224050386244301e+02
1.742903644720045691e+02
-7.913671162736818587e+00
2.325754928555154493e+02
2.138945300931879956e+02
-3.276244879018952361e+01
-1.567933883401913704e+02
-4.285192531565258491e+02
-8.392354681119708459e+01
-1.301755492833581229e+01
1.941842869181321589e+02
-1.446816213192643090e+02
-2.183750770982672407e+01
-1.184452062307379094e+02
-1.155221683760223641e+02
-4.332933835263198574e+01
-3.684640710398829242e+02
2.162313359777016331e+02
-1.854348342673871457e+02
-3.081338674224542729e+02
-2.623882589507834950e+02
-2.484286289152216227e+02
-7.986782682853404935e+01
-7.673461330961683302e+01
1.494048358299168342e+02
-9.229401499824689381e+00
-1.434107782804207147e+02
-1.947096812925266818e+00
-3.316164636679943101e+00
-2.462099910625117900e+02
-1.313520365752456769e+02
-5.207504011593427151e+01
-4.024567232458828414e+01
-1.216976855276651293e+01
-1.334302293094805520e+02
-2.205103576943096755e+02
-4.389358563149046688e+01
-6.625867702008065407e+01
-9.613813783787296074e+01
-2.292472768069995652e+02
-1.897478716548733928e+02
-4.473382189059852010e+01
-1.320621236105136518e+02
2.404951641934495967e+02
-7.476456956692459244e+00
-2.108807900442266714e+02
-6.533919518219965994e+01
-4.345042128555917316e+00
2.107692393073364201e+00
-1.987065648124849986e+02
-8.061514065740634294e+01
-2.388380373574727571e+02
-3.192874571243065418e+01
-1.885357329891239431e+01
-1.374216179705310310e+02
-3.890444725052745412e+01
-4.768652146442175876e+01
-1.048872054323817338e+02
-1.064805196650695507e+02
-1.106359590077090047e+02
-2.103702619452460851e+02
-1.302181499140095582e+02
-6.197061376990901493e+01
-1.329280217288945209e+02
-6.156998443624909356e+01
6.627956314472527310e+00
-1.109159219350320598e+02
-5.166081507284210375e+02
-1.641580958084793451e+02
-4.803152837439331790e+01
-1.876526149376162493e+02
-5.981140370557533004e+01
-2.529362926962319307e+02
-2.337036909032629524e+02
2.457057742850103637e+02
-6.178561688067969726e+01
-1.556951677724400440e+02
-7.683318684812860511e+01
-2.619462333280307007e+02
-6.162402959486996679e-01
5.054444744028572245e+01
-1.672903430751827898e+02
-1.621831572291027328e+02
-1.058342848109867589e+02
-4.963951174089417862e+01
8.825015711788557482e+00
-9.584869380947225181e-02
-2.318974540492351935e+02
6.766561393268010249e+01
5.244924684828086470e+01
-2.174465675573818544e+02
-2.132589032966217815e+02
-1.549038586016208399e+02
1.987222301716651174e+01
1.806260688673140180e+02
1.734463206161778430e+02
-1.880621174635988382e+02
-2.095328609316452457e+02
-4.160245264943451105e+01
-1.393130081473536563e+02
-3.358975620012246281e+02
1.871816771937192527e+02
1.059302029744901574e+02
-1.328712785728735071e+02
1.643238072134603556e+01
2.530135055227436283e+02
5.656346989062090813e+01
6.363023354211827609e+01
-2.670740004259026819e+02
1.416881904788552333e+02
-2.428023827963979784e+02
1.250180069121810789e+00
2.054973385089348881e+02
-3.861259460020784218e+01
-9.657015662546922385e+01
-1.204348907317095154e+02
-9.144941574563631548e+00
-1.045938931074181966e+02
-2.598635466740953461e+02
-3.604844833746167865e+01
-5.916126949583914296e+01
-1.003793158499111655e+02
-3.216136700449874866e+02
-1.705376248685538485e+02
2.643962267614111639e+01
-2.326917262023848139e+02
-1.324836356280833911e+02
2.350692318190909305e+02
-2.344503810800891017e+02
2.066546505802717775e+02
-6.207521218982400057e+01
-5.241251072112272595e+02
-1.796494787696528306e+02
-5.430265378050548719e+01
-1.331171923823657437e+02
-2.691619084648026501e+02
1.505603009675965325e+02
-1.349731760731660017e+02
-7.557428290093244527e+01
-1.524494938331612843e+02
-3.273740345968344911e+01
-1.613488409931118497e+02
-1.885531261088908650e+01
-1.795487318108382624e+02
-9.448530723769916051e+01
-5.715326716910877280e+01
-2.587900103324999463e+02
-3.849327028184457617e+02
-6.944881126660990844e+01
-1.352527370275797125e+01
-1.889304449466258120e+02
-2.851588939357525305e+02
-1.500045648696637954e+02
-5.928013150622675198e+00
-2.162802165003100754e+02
-2.740209246508748038e+02
-2.838312784910060600e+02
-7.191761867072706593e+01
-4.177470234399709170e+01
2.233734401029892069e-01
-4.317596033140006284e+00
-1.073169091066361887e+02
-2.655260993977985891e+02
-2.461317620565354787e+02
-4.844442484677712457e+01
-7.044973460378494678e+01
-4.810581648239445229e+01
-6.148815119706279120e+01
-1.167154674548824005e+02
-1.827444691726949486e+02
-2.484417803045719495e+02
-1.844126121327408327e+02
-4.566680604971933377e+01
-6.588501596020934414e+01
-4.712065830684759504e+01
-1.379367558808527576e+02
-2.220920911389632693e+02
-7.279750566661081734e+01
-7.451143680596251784e+01
-8.938011221472072521e+01
-5.734548347513127453e+01
-1.766867759541486294e+02
-8.854810608653656345e+01
-1.324337906862141665e+02
-4.674453881370389041e+01
-2.675317664007307883e+01
-9.682185874509004009e+01
-3.991326765552392430e+01
4.225349193635656775e+01
-1.678209649024631460e+02
-8.611773881258983465e+00
-5.490071765238988633e+01
-8.826197755459625682e+01
-9.698920346944250070e+01
1.233352846694332072e+01
-1.553004062080150618e+02
-2.450314207052272764e+01
-4.255402253257075529e+01
-5.378001002582220025e+01
-2.515662148667098563e+01
-2.071431399613034330e+02
-1.197623465710668711e+02
2.089872974934895922e+01
-2.210933220651510283e+02
1.645000267513054837e+00
-2.337240095001291706e+01
-1.619763487887108795e+02
-2.204416346961362194e+02
-8.584195749546125853e+00
-2.821873587155737084e+01
-3.047678469014880420e+01
-2.115370300330122859e+02
-2.250440338332226702e+02
-7.130971990696087914e+01
2.223272298678439824e+02
-2.028298808176981538e+02
-7.683576115064340684e+00
-1.358787081146552396e+02
2.202841362526346529e+02
-5.061420148338648062e+01
-1.760049771989188230e+02
-6.929202759602929973e+01
3.732136400725511294e+01
-2.056153491837067691e+02
-2.091423131618826687e+02
-1.493841870434741566e+02
-1.424957913943350434e+02
2.054853448061545862e+02
-1.046974032433841160e+02
-1.768380377356078270e+02
-2.362649446602273429e+01
-8.295510940140954403e+01
-3.346312563180786128e+02
1.364987462695622469e+02
-1.636839413240132046e+01
1.807145646736556159e+02
-2.093869929085056185e+02
-2.643697432193220038e+02
-6.312377645130520420e+01
-2.377660995193126894e+02
-1.418335320110372493e+02
-4.543902056512135346e+01
-1.116585510391676905e+01
7.733100068205246203e+00
-1.259521128253455231e+02
2.322298183084971015e+02
-2.681416294150610611e+02
-1.754595621800459071e+01
-1.102032549339487844e+02
-2.633108755563538352e+02
-2.337647327183717323e+02
-4.158497855685942568e+01
-1.675406893168128590e+02
-1.417530866387935475e+02
-5.223048979871711595e+01
-1.236415789659204023e+02
-2.200768224422969865e+01
-1.190802781645512738e+02
-3.108454637642856255e+01
-3.787510674096735386e+01
-2.306825969968498384e+02
-7.051347783590097151e+01
-1.613083052513792666e+02
2.085914938273707833e+02
-1.348797057628871414e+02
-1.353904559259263749e+02
-1.417666418689313446e+02
-3.442634892856652584e+01
-1.364592645784583738e+02
3.239884026227753111e+01
-5.194244461967386428e+01
-1.392892280929978313e+02
7.220810458484976380e-01
-1.701156037040165359e+01
2.513470490823747809e+02
-4.347376115446658105e+02
-2.087074696097056403e+01
-2.935392036921244596e+01
-2.781982765871134688e+00
-2.286151709352510863e+02
-1.318660215542516312e+02
-1.644193799196041255e+02
-1.732292857845879723e+02
-1.509381271110826503e+02
6.875680443024314137e+00
-1.184548316399192061e+02
-1.198903489356522130e+02
-1.395412139598049919e+02
2.483600371621936631e+02
-1.054787909877592114e+02
-1.495813995036447750e+02
-2.373929938898680803e+02
-1.465798453818997018e+02
-1.472459713823548384e+02
2.487090900172576653e+02
-1.377344849291237381e+02
-1.052848063112613630e+02
-4.218280420810493325e+01
-1.180585259995582277e+02
-1.558984189634417135e+02
-1.493113735037406400e+02
1.679816247735948878e+02
-5.332811919512946019e+01
-1.748252620385622151e+02
-2.002123262999769224e+02
-6.033183909566768932e+01
-2.593531463947194027e+01
-2.578001376177477368e+02
-2.439671041877735433e+02
-2.058609968650893052e+01
-1.915013468056127408e+02
-4.994584913274478311e+01
-1.993032854732184944e+01
1.975228658432758948e+02
-2.947820559806763754e+02
-3.405634949106330396e+02
-6.650361778969450199e+01
-2.314860619417605392e+02
-1.991549017946087190e+02
-2.036198317871289305e+02
-3.279486941545027321e+02
-1.859580092651309542e+02
-2.839640015616583923e+01
1.906718850125241715e+02
2.339878795289327229e+02
-7.865637080350222732e+01
-1.533046287948904762e+02
2.546112788315955413e+02
2.046012697909656026e+02
1.895308567271792981e+02
-5.761076719101604482e+01
-2.361123233942536217e+02
1.569945911478334040e+02
-6.080504346666718618e+01
-2.416155748809431714e+01
-2.622320229834955398e+02
-6.306204551040298867e+01
-1.767074570884544187e+02
-1.947383522920056862e+02
-1.431296855923639271e+02
-8.441615841466574466e+01
-3.481612708764977526e+01
2.246289643903661499e+02
-1.908809825307883159e+02
-3.560765508255808243e+01
-8.574309860909868064e+01
-2.929508877149034163e+01
-1.253834668832409704e+02
-1.529478137447036659e+02
-1.699717594078753677e+02
-1.577121473370753222e+02
2.274251181005275839e+02
-2.894694474486693707e+02
-1.721259133345165537e+01
-1.175430082200925312e+02
-6.689075842173976127e+01
4.017365216252915872e+00
1.840977468740355150e+01
-1.667219021371800807e+02
-2.291556169349866536e+02
-1.581066166824679158e+02
-1.914897762636845755e+02
-9.794776370766889784e+01
-2.142318747754891035e+02
-2.335671183047481918e+02
-1.025856261660439372e+02
-1.364290835950541236e+02
4.939017200436933308e+01
-1.286196094531803169e+01
-2.091705161838754066e+02
2.770555615666168023e+02
-1.074473695636294508e+02
-1.642806127776271978e+02
-4.638524037652101129e+01
-7.202660477578361053e+01
-4.667219897242438265e+01
-1.491417507370435658e+01
-9.794604783092637490e+01
-1.555979666582329060e+02
-1.647181471743265035e+02
-1.922817281889782919e+02
-1.032918471153088404e+02
-1.398565773150369580e+02
3.535951008828578779e+01
-2.148371324531606774e+02
2.292439228597150702e+01
-1.584115581099538872e+02
-4.704556189936023713e+01
1.797552957446085315e+02
-2.826332814378009175e+02
-1.273715885040646327e+02
-3.462999318234716384e+01
-1.963664329987072961e+02
2.363491080843734551e+02
-1.643550211572112119e+02
-7.753475218873029462e+01
-5.349657122293029943e+01
-3.579309942157017588e+01
2.698259226705938545e+02
-2.035493899346727176e+02
-1.163340322501908304e+02
-5.907518579838311723e+01
-4.451575547145229450e+01
-1.529166614333201437e+02
1.492187467804212702e+02
-9.942637359474618108e+01
-2.117959538756016684e+02
-1.642471448097422808e+02
-5.176022830016422915e+01
-1.397637733318710502e+02
-1.833363327418090307e+02
-8.898430892353587751e+01
-9.753615642399226715e+01
-3.972804685796490531e+01
-1.004190953959098067e+02
-9.089769614736289327e+01
-6.127428979806039422e+01
-1.146802207049870646e+02
2.406473338033976574e+02
6.253691947421100394e+01
-2.703001926420465395e+01
-8.621187670103577716e+01
2.359249956203587431e+02
-4.115758061199151996e+01
-2.652710565565153900e+01
-2.962019198445993879e+02
-1.416410317028965835e+02
-2.767925039663980442e+02
-4.133765811394404466e+01
2.185316948611207408e+02
-1.477069118281092983e+02
-1.693685579996833894e+02
2.215890576214746659e+02
-1.499220723092965670e+02
-2.357363949982550366e+01
7.515496563812803288e+01
-6.809191020866968813e+01
-6.827313046364113802e+01
-5.226189141372166347e+01
-2.320547263929697124e+00
-1.090108230190443805e+02
-2.648413138413276897e+02
-3.407210026297717036e+02
-9.289184648293787916e+01
2.088992182580476822e+02
-9.794124265834963694e+01
-4.003455699024034686e+01
-4.939721384636889212e+01
-1.380676817198510093e+02
-2.168141885376513187e+02
-2.679324763344922076e+02
-7.658062548680638315e+01
-3.868243151466188579e+01
2.487162586215063698e+00
-1.019835293635661522e+01
1.176723848524721063e+02
-1.883397195196566827e+02
-4.048666547904389290e-01
-4.434935169973861946e+01
-1.914841268738175017e+01
-4.727136358009366290e+01
-7.854144542923458516e+01
2.592829280153785589e+02
-8.917754668986373190e+01
2.209972336201091707e+02
1.749914098757777765e+02
-1.855892342700932431e+02
2.774772314477701229e+02
-2.687140385355440912e+02
-1.768727606851311585e+00
-7.494108159196883889e-01
-4.626311384602207966e+01
1.784718560255493003e+01
-5.218974581460264517e+01
-1.871199247142618560e+01
-2.336474089900145827e+02
-1.855027572402802889e+02
2.154812947859247174e+02
-2.398212973856566634e+02
2.809030288540296851e+02
-2.411757938968561632e+02
-1.619637821630175267e+02
-1.586096667127316096e+02
-2.163081828708030230e+02
-1.643200111610771330e+01
-1.168956555508089110e+02
-2.301135383565040229e+02
-6.466126916299548100e+01
-3.217997764320836040e+01
-1.659926412872291621e+02
-2.148130973166979629e+02
-9.200122735366593929e+01
2.050962623431646534e+02
-2.797230919840630747e+01
-3.980775256011045826e+01
-3.124083647798514107e+00
2.308414295671025229e+02
2.467518048010741722e+02
-4.188973052305070865e+01
1.247332015608665756e+02
-3.210167424300777839e+01
-1.334731173022946109e+02
-9.019665980329276067e+01
-1.157184456211786738e+02
-2.262925722879483601e+02
-2.513791069059369647e+02
-8.348280263780431198e+01
-1.647090927765808317e+02
-7.544669644030582489e+00
-4.423153811478877628e+01
-6.239528041687594850e+01
-2.344686784065723373e+02
-7.630660800607445537e+01
-9.239783913349505440e+01
-1.985629085780940954e+02
-7.375369750637899813e+01
-3.223127646932121593e+01
-2.199651929624473610e+02
-2.476917655869004875e+01
-2.791646584073818076e+02
1.802929381912116469e+02
-8.174691121217668410e+01
-6.151422925919948170e+01
-6.961791298796069327e+01
-1.309891907333057475e+02
-7.089278994049229254e+01
2.207279301649283525e+02
1.804549777124217371e+02
-2.016924347089562843e+02
-1.471000483217043211e+02
-8.844389134262866037e+01
-2.611301367770798834e+02
-1.591234084150089245e+02
-9.431164547314614310e+01
6.169296600821529530e+00
-7.438127585815186649e+01
-5.677822265788255152e+01
-1.897176770331864191e+02
-2.196195463766943874e+02
-1.288912849743795164e+00
-4.670270465429239692e+01
2.542582779233754593e+02
2.188859905031707740e+02
-5.242541365157889288e+01
1.279691946615227778e+02
-9.706641378156729161e+01
-3.592583920364336336e+01
-1.586013553663837854e+02
-1.976102396352948745e+02
2.043645021528050449e+02
-9.746484011031097339e+01
-1.683320645247336245e+02
1.415150422923213114e+01
2.027094407446804780e+02
-3.119444727832886883e+02
2.955388794731857161e+01
1.824257136293142878e+01
1.600602379076862007e+02
-1.309395694030322659e+02
1.784758878349211955e+02
1.305543663395075384e+02
-1.940042707483514732e+02
1.417259913137328340e+02
1.429084304678999615e+02
2.139672100001426429e+02
-1.409339753266466175e+02
-2.544306755104509250e+02
-1.840385775418378103e+02
-4.601801199273306509e+01
-2.303340678663122105e+02
-1.769070503867503703e+02
-1.202138640655569191e+02
-1.168618428086511756e+02
-1.426292154846986477e+02
-1.100014395869789894e+02
-1.017261531271519175e+02
-3.368540641191816576e+01
-7.429241267614845867e+01
-6.137423113853931511e+01
-3.619627541794687886e+02
-2.556581044758081589e+01
-1.523551088848656718e+02
-7.596765217380198010e+01
-5.523713700841706498e+01
-3.472505048210479117e+00
-1.781441816740934030e+02
9.453933503846201347e-02
-1.905710296408601607e+02
-7.218043562465230423e+01
-6.445636014196892916e+01
-1.553192202355982658e+02
-2.559853815031118529e+02
-2.061242337782491916e+02
1.821453557980316873e+02
-1.421896801732903555e+02
2.554706212900499054e+02
-2.915051035580280541e+02
-4.466101030179343923e+01
-2.713542794766669886e+01
1.620952439018374776e+02
-3.169666449029129751e+01
-5.917055934279446205e+01
-1.700493411672896684e+02
-4.888109862038903941e+01
-8.730761017045483641e+01
-1.426063236079338594e+02
-6.630807667987852483e+01
-9.670187215826034333e+01
-1.099967737420283242e+01
-1.267631347563759192e+02
-1.305527914650690207e+02
-1.233535479905380043e+02
2.643902749692426823e+02
1.505915461827437696e+02
-2.960618405590378188e+01
-2.081343821289752611e+02
-7.505724851866466452e+01
-5.048711482020178920e+01
-7.334373001017695515e+01
-2.073909083281830590e+01
-1.338246416425921836e+01
-4.334088230355050797e+01
-1.093259785222294482e+02
-2.487124779029113029e+02
1.837527473928933546e+02
-3.711541897571466109e+01
-1.077334132588046032e+02
-1.479085378370582760e+02
2.309347694707860228e+02
-3.172598261420041581e+02
-4.772541333080050663e+01
1.519738896095387872e+02
-7.429735609227854809e+01
-4.917588806646372745e+01
-4.894391833141963843e+01
-5.655711300751349313e+00
2.994969821306938229e+00
-1.739411086429007867e+02
1.377097475837036811e+01
-1.554532850697547701e+02
-2.254293820437184763e+02
-1.027328087825840015e+02
-1.259563098422090093e+02
2.391316977240900599e+02
-1.409725483778238981e+02
-1.232552137782099493e+02
-1.596571616296718332e+02
-1.588499055823372430e+01
-2.035262471402741653e+02
-2.323215466324157319e+00
-3.892283512295017545e+01
-9.602711432766733424e+01
-2.313026328791634114e+02
-1.348652849558148432e+02
1.745592814455127098e+02
-1.450253919088046928e+02
-1.323792730164726379e+02
-8.216086842415727176e+01
-1.241855296308464744e+02
-6.283367640359270467e+01
3.176769903769431025e+00
-1.175345451603566289e+02
-1.581561421769454512e+01
-4.548621185691598612e+01
1.841121888082233511e+02
9.279084438208698771e+01
-9.726480929422351096e+00
-1.986392077139632306e+02
-7.171331574540475629e+01
-8.631975499443167621e+01
1.585116560816072706e+02
2.301162674424419663e+02
-1.762127902114015114e+02
9.230016376114349441e-01
-2.825257995694613555e+01
-2.365856144680746525e+02
-3.029796195419847038e+01
-1.636638502276415750e+02
-1.346269761140337096e+02
2.909240581596145603e+01
-6.111008459025252648e+01
-1.341354824337151115e+02
-2.206279850507559672e+02
-3.242856282400812518e+01
-2.070029120090777042e+01
-1.053677178271704236e+02
-1.746508519999684950e+02
-3.031155324285314201e+00
8.894967248615373023e+01
-1.113042706750329103e+02
-6.868261711792928281e+01
1.303043994815754161e+02
-1.952971072681189639e+02
-1.305964940526446014e+02
-3.783190004502412762e+01
-1.035011978636595700e+02
-2.856711612322746987e+02
9.898780010841164767e+00
-1.200270317775404294e+02
-3.286470101232310981e+00
1.267567670003077573e+01
-1.827479126761678572e+02
-3.017320871447744821e+02
-1.396490048573619447e+02
-8.624206573964715972e+01
-5.836451935379493250e+01
-3.964895123087052298e+01
1.322266095716324230e+02
-3.697523721475945990e+01
-8.550763545811236099e+01
-1.657973242546313486e+01
-1.393275105596661660e+02
4.424851669796316855e+01
-1.075781993085307420e+01
-2.121096920505904393e+01
-3.975727666434720931e+01
-3.964855288581235015e+01
-1.328233037207060647e+02
1.977652090047624256e+02
-1.534684389392408548e+02
-7.310804878937861417e+01
-1.541235296104262886e+02
1.645177330630679080e+02
-1.845736003847588336e+01
-4.060549118480101072e+01
3.516555971096101985e+01
4.690995606826447784e+00
-1.910045422369058201e+02
-5.231023959190628148e+01
5.285129181100680285e+01
-3.088582541985518048e+01
-7.955934963342059518e+00
-1.840228573008532464e+01
4.248003174795755399e+00
-2.047759911286700856e+02
-1.329663492428201437e+02
1.400406415875993957e+02
-5.188886359998818421e+00
-1.179710515002644797e+02
-1.760557382282277956e+02
-9.357590441758486577e+01
-1.321839969123335834e+02
-2.753405970576909567e+01
3.965215589271068097e+00
1.643909449740913331e+01
-1.770397544270744561e+02
-1.844707870542347905e+02
-1.076958316885934011e+02
-4.253999186262787191e+01
-1.605956300263703156e+02
-8.575011024145032934e+01
-1.396756413545512032e+01
-1.191010969985992602e+02
-8.701862880363123054e+00
-1.045208688971792270e+02
2.022261092672197549e+02
-1.875829907060379753e+02
2.268575378673446892e+02
-2.120029966782757640e+02
1.552346679674135999e+02
-1.574049227628203766e+02
1.839136240930646693e+01
-1.948735047715562132e+02
-1.941558948409533798e+02
7.287202895646913703e+00
-1.668642650832548213e+01
1.543843815941996240e+02
-1.115232430405842479e+02
2.070921985796897502e+01
-3.346862011922253828e+02
2.506985598922976237e+02
-1.980853055677161478e+02
-2.527343019173565040e+02
1.948523622087865874e+02
1.030253437328412076e+02
-1.744904761009599099e+02
-1.268009207446908704e+02
-1.817199613761754620e+02
-1.877376616665344500e+02
-1.940398965091432615e+01
-3.684891586159773880e+01
-6.954210523682714040e+01
-2.881627447519687735e+01
-4.310374978365445742e+01
-1.263890693494098514e+02
-4.850243132927825229e+01
-1.294564367968714009e+02
-3.117499265143202081e+01
-1.831858895870588810e+01
-2.333045299417574370e+02
-4.850697719428558230e+01
-2.252537435497138461e+02
-9.240274257196944063e+00
-5.781215272406386418e+01
-4.003252879678854015e+01
-5.027744844987601880e+01
-6.530333101005270180e+01
-1.874013594813936834e+02
2.666985755875921313e+02
-5.231947776831805896e+01
-2.724977956297191213e+02
-8.510291622629424069e+01
-1.116610950081085747e+02
-1.255697327733166730e+02
-3.569169247156882818e+01
1.744524699440028428e+02
-1.242926169802773018e+02
-1.176232337065876834e+02
-2.096916695941757780e+02
-1.573488389528693574e+02
2.312244117095430056e+02
-1.604431832739165884e+02
-1.136593494258856509e+02
-6.347917680253649308e+01
-2.317453381539219492e+01
-1.648814947840634773e+02
-1.321140357239755758e+01
-1.995520643612491938e+02
-1.734840842888839347e+02
-4.199014164967562124e+01
2.506104126082400967e+02
-1.565299163762117018e+02
-1.359890732039178545e+02
-1.524865163752905914e+02
-4.835778881897103076e+01
-6.338121791740234556e+01
1.328070324378842315e+01
4.757206134102673900e+00
2.693968355502446457e+02
-2.685687792910681537e+01
2.419927499803974911e+02
2.637388168752023603e+02
-1.233170746810653355e+02
-4.724989010534074652e+01
-1.669424876478924205e+02
-3.443435993411433174e+02
-5.741409398128880071e+00
-2.873446429641683153e+01
-3.717941397432505823e+01
-1.033319899776510482e+02
-9.846174950804069681e+01
-6.405932857215658771e+01
-9.161423457704739803e+01
-8.260611037874362239e+01
-2.832043841901664791e+02
2.314345961199062742e+02
2.356821929838289975e+02
8.345058232117591501e+01
-5.010746936931295892e+01
-2.257135617362251594e+02
-2.325002390077146970e+02
-2.167679659170265154e+02
-6.693787696035698787e+01
1.854500065867255216e+02
-9.134535534937775481e+01
1.620298270095969162e+00
1.556235103305751295e+02
4.290453592586629838e+00
1.668426997031629071e+02
-2.143655935912889277e+01
-2.898003544835984258e+02
-7.437691149602844121e+01
9.756729088950292805e+01
-2.010183566752263005e+02
1.785049862894037460e+02
-1.976880748067497393e+02
-2.983495084889446503e+02
-7.909146104132962307e+01
-9.017233186306845028e+01
-1.565492962054236727e+02
8.094614509970099903e+00
-1.429750850993131053e+02
1.528268510445869310e+01
-2.817967566931558565e+01
-4.952139582500234383e+01
-1.376923540336668452e+02
-1.631558689867777900e+01
-4.540659950726874428e+01
-1.741932265385297853e+02
-2.119682883379999225e+02
-1.561297245388252293e+02
-3.339772908105796034e+01
-1.280458725255707293e+02
-1.893939933097381356e+02
-1.212390086341447812e+02
-1.550876174330301183e+01
-1.685183342354982585e+02
6.061890305389937339e+00
-2.709422892938158611e+01
-1.368719117857664571e+02
2.266187755725523516e+02
-1.250905200532951085e+02
-6.935031881817474186e+01
4.102820083282767882e+01
-1.380810718305119451e+02
2.012962597367685476e+02
2.141091670546650505e+02
2.537304728372499483e+02
-7.831387410099605972e+01
2.138008595632982178e+00
-2.560717422068969995e+01
-6.333962273393182585e+01
-1.765091715593929678e+02
-1.843070363365071387e+02
-9.844712038682294519e+01
-1.497946334209778740e+02
-1.945065773977169670e+02
-1.415294234176916746e+02
-8.305613754308599539e+01
-5.405420667103574317e+01
-1.379982549057343704e+02
-1.485764548289213565e+02
1.163718269071183897e+01
-2.208728158524676530e+02
-6.001612448930286092e+01
-1.034062908059555497e+02
-8.274146967793095087e+01
-2.158236692295947137e+02
-7.102181706629548330e+01
-1.509254185752816966e+02
-1.128564913266905307e+02
-1.696155826354377325e+02
-2.232007674529634187e+02
-1.489083010445853290e+02
-2.117467753571969524e+02
-2.146522328057616846e+02
2.356979131673060692e+02
-1.677828125454099677e+02
-1.691631666883748437e+02
-1.108502424386408052e+02
-2.413158681865645860e+02
-1.553757675505006262e+02
-1.253073280237898075e+02
-6.636576264267048941e+01
-1.822501837576324419e+02
-5.972996330956713962e+01
2.778431309753287337e+01
-3.442589387607142726e+01
-1.185205448999591766e+02
-2.938532629064610546e+02
-2.886789232624902013e+01
-3.745751485449609675e+01
-1.135830557420340057e+02
-1.885854346090070806e+02
-1.587352433682269748e+01
-1.521991937974508460e+02
-1.997340074260536085e+02
-1.307447324355015041e+02
-1.804570138376130899e+02
-2.138109737940892785e+01
-2.120730876081266842e+02
-3.876654590191587886e+02
-1.289184422326931667e+02
-4.943144651152238112e+01
3.712048461575290048e+01
7.435798631344050591e+01
-1.714256511132998639e+01
-1.352200816902613951e+02
-1.431404554357769712e+02
-1.564886501621219281e+02
-5.990890789437096942e+01
-1.383738370986424115e+02
-1.910470512480872571e+02
5.525331684796456244e+01
-1.639145019032117148e+02
-1.534506376398929604e+02
-3.853808567136714203e+01
-2.284213871634641180e+01
2.245593082979330291e+02
-7.787835795903836811e+01
1.897775705617135600e+01
2.522138820100846033e+02
-1.429237216406349944e+02
-3.305822413500420112e+02
1.931917152514132852e+01
2.536718963683472339e+01
-1.674593296203590285e+02
-1.836549503848895313e+02
-2.291190028711276625e+02
-1.089500412424925742e+02
-1.657055578523397799e+00
-2.827785604896925520e+01
-2.794078152815829696e+01
-1.556691584821305128e+02
2.498812327532769473e+02
-3.853823110759883264e+01
-4.306072106092615570e+01
-1.584361199329409260e+02
-1.216689117142161081e+01
-1.726639319745186754e+02
-4.408307423188607288e+01
7.555986796302960329e+00
-1.382071589042160724e+02
-6.453772493679227296e+01
-1.806975569766856609e+02
-2.413300397146198293e+02
-2.106564341804016181e+02
-1.439187049503186131e+02
-2.197248872998983416e+02
-1.242741563983587980e+02
-8.690461817211011919e+01
-6.928429545270813605e+01
2.550035726892309640e+02
-9.815497709904448698e+01
-1.653243191478609617e+02
-1.114121934184310163e+02
-3.794237434261380315e+01
-4.857605451931091523e+01
-8.722321166077135501e+01
-3.281885357654847724e+01
-1.488860591489701619e+02
-7.901608717293609629e+01
-3.285870680565134307e+02
9.860154592143587138e+00
-1.980754832125277005e+02
4.681204397393187833e+00
-6.816955684049186459e+01
-8.442511234593536074e+01
2.093813109819234342e+02
-1.819653665071805335e+02
-1.267391681632012137e+02
-3.917012777873814144e+01
-1.543501346380267876e+02
2.537480019197233219e+02
-5.658081210695723939e+01
-1.387939205471779474e+02
-1.259200002546771628e+02
-8.571692103570873655e+01
2.533995117467493969e+02
-1.040544499416482154e+02
-4.162025964061102457e+01
-7.558516588674294212e+01
-3.180506012846416297e+01
-2.009928837542972531e+02
2.003364501980216232e+02
-3.417323136431858188e+01
-4.808421251545303221e+01
1.514257154536672658e+02
8.061356308151445660e+00
-3.934474077596252783e+01
-1.644697603221579243e+02
-1.755223186051204038e+02
-1.210814213946511728e+02
-5.582523082459368879e+01
-1.879379731453250884e+02
-1.352186858511387584e+02
-2.323589322681289104e+01
-2.068776266270544397e+02
1.284220079419648641e+01
1.987597886379674037e+02
-1.453875855652629809e+02
2.417063644409163885e+02
-4.672489033483302023e+00
-6.644063101451780540e+01
-9.370305255448545267e+01
-4.288290906770565414e+01
-2.025812819202308788e+02
-8.151445681155057343e+01
-2.988758890806964530e+01
-1.654303257667765479e+02
-2.996798449879278792e+01
-1.578413050934788373e+02
-1.472289820304791590e+02
-2.209064704132252928e+02
-2.505784553766432055e+00
-1.970544240512580814e+00
-9.122715348797414947e+01
-1.521589576531963814e+02
-1.372413711734707249e+02
-1.318907800413900304e+02
-1.132590928125418941e+02
-6.903159855756231877e+01
-7.909745032456133629e+01
-1.708110517769586636e+02
-1.150772369040031435e+02
-1.491725387811410712e+02
-7.800042135022536627e+01
-9.345479492796044951e+01
-2.606740359734774302e+02
-3.562956049092507556e+02
-1.793262454290481855e+02
5.626055919327512811e+00
5.517175925349661725e+00
-9.738797855506078349e-01
-1.070346072440143814e+02
-8.011870770872687331e+01
9.699896635923875010e+01
-1.550410794310941185e+02
-6.970619971781673030e+01
-1.613884774914997138e+02
-6.482391865289375232e+01
-6.904624478417193245e+01
-1.294232648635205578e+02
5.386206737644346276e+01
-1.678453200366382987e+02
1.698544032020777763e+02
-2.066594629735053559e+02
-1.305147968678239181e+02
2.807454518552930267e+02
-1.129838916723754210e+02
2.218565872500060436e+02
-1.763255319617775854e+02
2.222598128232005479e+02
1.736379864131992008e+02
-1.750443324069022424e+02
2.205673548051028092e+02
-5.238349649156825905e+01
-5.710106088913516231e+01
7.110861553140281899e+00
-1.361548098848812458e+02
-2.648235491794753216e+02
-1.236689736772887755e+02
-1.896050520652698026e+02
2.163237607372963112e-01
-5.414809654020726271e+01
2.213628241368371619e+02
-3.844777946557211123e+01
-1.515667920693734629e+02
1.968835650371427164e+02
-1.751830116337553420e+02
2.901271682950380182e+02
-7.601840368264812753e+01
-5.547590991789277837e+00
-8.276738356068678115e+01
2.666555861004798089e+02
2.546654787997820506e+02
2.154706740821033861e+02
2.179108562574256780e+02
-2.578546246213197435e+01
-1.328610083903834607e+02
-1.414472074632273575e+02
-2.028849275519062871e+02
-1.517599296510519196e+02
-1.582083377454204935e+02
-2.155753666197653615e+02
1.862731291889605529e+02
-4.751756896628231175e+01
-1.890178025232145842e+02
-1.053551910542175563e+02
-8.897377419055186465e+01
-2.480412032701828196e+02
-1.357659030112711207e+02
-4.851388260352536008e+01
3.144922723366448736e+00
-1.316674413772680907e+01
-1.452624338666096833e+02
-6.461657044403338546e+01
-9.650042802761760186e+00
-2.141939311576030036e+01
2.599627051492290093e+02
-2.026079015090753899e+01
3.994012971670647971e+01
-7.255111288995816210e+01
-1.018557430681770768e+02
-4.324355944672177543e+01
2.318916735401493838e+02
-3.041548456462669492e+01
2.568980491199600920e+02
-1.093715035974606451e+02
-1.469047097192380704e+02
-2.274234719445035466e+02
-2.372257994903096119e+02
-7.582787681474327712e+01
-7.745419225373794347e+01
-1.391699710916817310e+02
1.283118299574999810e+01
2.627752928847701241e+02
-1.668261967795912994e+02
-1.634462210886662206e+02
-7.256063909409341761e+01
2.720920587628314991e+01
-1.493828435929355578e+02
1.516481929090874701e+02
-2.099620643718920405e+02
-1.035779236079469854e+02
-7.926893157379163313e+01
-1.199028987872182483e+00
-1.778184517573419896e+02
-9.826717427616574696e+01
-9.434201097605432551e+01
-2.545191053707442563e+01
-3.309680353925372742e+00
2.395126629268108331e+01
-8.062615753540282526e+01
-1.637595146469436145e+02
-1.410595369136952399e+02
-1.568576789781838272e+02
1.837130617474622341e+02
-1.829452959597507231e+02
-1.508627853284267815e+02
-1.902052908453140105e+02
-1.146158467721546117e+02
-1.385315999398368660e+02
2.195707109381750968e+02
-3.669879519066134890e+02
-8.724735407058777525e+01
2.272660603735651250e+02
-1.168818514586003516e+02
-1.072519153463779844e+02
-7.993728956565379917e+01
-1.494862193647871891e+02
6.867122430224583240e+01
1.979013703983411574e+02
2.390862761245218451e+02
-6.331144546238691362e+01
-1.382747664172326552e+02
-1.465443330823342762e+02
1.941426370363430181e+02
-1.086802873232418989e+02
-7.545996076365588578e+01
2.786598715533981476e+02
-2.774530415814122364e+01
2.221912881870977685e+02
-4.134636750072735367e+01
-8.066742265962439262e+01
2.436911969909570530e+02
-5.878406011768674944e+00
-1.375357403416743693e+02
-3.312352151214979301e+01
-5.380757996608171112e+01
-1.914915639178068432e+02
-2.022906398407733377e+02
-9.057610002184821951e+01
-1.005750955873158148e+02
1.588340325665274122e+02
-6.995552955964362241e+01
-3.648214456552914271e+02
-5.553381192411227119e+01
-8.210670212465967666e+01
-8.920308301259643713e+01
2.379197322381680380e+01
-1.822794406197081685e+02
-7.375275679522824035e+00
-2.838857222848749871e+02
-2.543400656882633371e+02
-2.429028940519171442e+02
-2.233076733868612394e+02
-8.307420696985265351e+01
1.807147181144659385e+02
2.384557520777527770e+02
-9.561941291700100010e+01
-6.307132710832294720e+01
2.381358744005155472e+02
-5.696352261700894815e+00
-2.453727164777038183e+02
2.734808970351261905e+02
-2.134241938672211631e+02
-1.206525949945102667e+02
-2.327474869558725175e+02
2.940543567843093342e+01
-2.004349452393559545e+02
-2.083136972077640507e+02
3.714680476720398161e+01
-5.048202011979394399e+01
-9.701915807786461698e+01
-2.241600677856802122e+02
-1.432026078267420246e+02
-1.534010656659730500e+02
-9.881270326144218075e+01
-5.586039017978858112e+01
8.740574955457390161e+00
-2.648184857740357074e+02
-1.315706990480213676e+02
-1.324428004984507368e+02
-4.206918005777358758e+02
-5.965251213435400359e+02
-1.895260350337111674e+02
-5.422559504968845090e+00
-4.003998252235281541e+01
-1.429928071251542576e+01
-6.385527394753025021e+01
-7.998022998790210636e+01
-1.692291037255098729e+01
1.276159676356212991e+01
1.865347254283425116e+02
-2.560520826019779861e+02
-3.245075026518171626e+02
-1.858611059699999259e+02
-1.818136580462922893e+02
-2.248771205331702276e+02
-4.640682095619450109e+01
-1.342125372635649398e+02
-1.439370461275903779e+01
-1.994711266600529029e+02
-2.819193696738477115e+02
2.119136114508440301e+02
-8.747673936264452266e+01
-1.165728114479132529e+02
-2.422490755297907015e+02
-1.180703659730920663e+01
1.654367570988787861e+02
-1.309616822157903755e+02
-3.201067181844205720e+02
-2.696489333661065189e+02
-1.899562564190851788e+01
2.274264577353832237e+02
-8.403987020143350151e+01
-6.259580856547886896e+01
-1.737556643274665760e+02
-8.946785580953908834e+01
-2.345037550222630216e+02
-1.292341224496290693e+02
1.405946650259593866e+00
-1.007143320669208606e+02
-2.099242084580245944e+02
-1.476654118012564822e+02
-5.645739055285082486e+01
-1.379276678582845079e+02
-2.190629810307463998e+01
-1.236294290809129279e+02
-3.758180200292093787e+01
-1.230641989355468411e+02
2.059750207525341352e+02
-6.655894436871581377e+01
2.092382199416590538e+00
2.092744357623598432e+02
1.012785312266353799e+01
3.089995364170349035e+00
-5.395284832998272151e+01
-3.480730464660812231e+02
-8.921337595593371361e+01
-1.259441488920334820e+02
-2.275609839675723549e+02
-7.920986390560979373e+01
-1.412778255348238190e+02
-1.971786320971378359e+02
-1.298197037509381175e+02
1.410239746421914049e+02
1.823522214801842551e+02
2.757222488573507349e+02
-1.360630798691724124e+02
-1.124072437875800006e+02
-7.546911026940209410e+01
-1.604221969500507896e+02
2.307791744466688328e+02
-2.283929799990833374e+02
-1.084450208171994063e+02
1.859835458875224390e+01
-4.163150697146170387e+01
2.847251074102412645e+02
-1.306399103895599865e+02
-8.979333927448220720e+01
-1.154109338056253762e+02
-1.398696631933891297e+02
-9.046486922867498492e+01
-4.824194818557955955e+01
-9.665503567863981971e+01
-1.030821913898310100e+02
-1.104446108289444908e+02
-8.604138427021533175e+01
-1.108551403540758571e+02
-2.658732979782460006e+02
-1.371731678951304616e+02
-1.256981974030194635e+02
-1.395052060454976015e+02
-6.071382096404970241e+01
-2.275081147310777965e+02
-1.197717223085547573e+02
-1.492632605273315107e+02
-8.090724585918856349e+01
-1.078091239998795885e+02
-1.024479668475653682e+02
-9.304528679091446008e+01
-1.248463748030805363e+02
-3.080850246685717764e+01
-1.081054955633681800e+02
-1.649898186617227793e+02
-9.065261492955443146e+00
-1.810356803052914643e+01
-5.242229194314042218e+01
2.144757736910798656e+02
-6.678534776863745037e+01
-3.041625338109980703e+02
-1.495342828351312789e+02
-1.497418924385001162e+02
-2.299256756469380036e+01
1.728495718594016637e+02
-1.113486360308302210e+02
2.549474975936798842e+02
1.177806723574720671e+01
-1.745942616708901767e+02
1.303017625223002085e+01
-7.060030433869941646e+01
-1.413580991590364704e+02
1.118368138028593393e+02
-1.437912027292174741e+02
-2.629886302084846079e+02
1.649297108180167015e+02
9.889333957859585666e+01
-2.176329458397458723e+02
-5.212237099953081554e+01
-9.762427522077940978e+01
-4.197364045456535564e+01
1.145530599240946117e+02
1.721367364391218180e+00
-1.397915701538773590e+02
-8.904014078058605719e+01
-1.342829666339592336e+02
2.331041286930419574e+02
-1.065312991446320012e+02
1.526718036192561954e+02
-1.375552354327120383e+02
4.339897527859374549e+01
-9.043636317212920517e+01
-5.340463523536414669e+01
1.797051704173456983e+02
-1.111280583886552904e+02
-2.188308893042855630e+01
-7.685916408028998603e+01
-3.369542117827610639e+01
-1.140706152908745565e+02
-3.061379842320454259e+01
-1.204547939923592708e+02
2.359821850220858437e+02
1.972737824597487588e+00
1.928921632463796527e+02
-1.181978105403845376e+02
-1.093522347969697250e+01
-9.269424719570699267e+01
2.385521200710409175e+02
1.684984995054659294e+02
-2.258211305378296743e+02
-1.687927571853153097e+02
-1.385954079124280440e+02
-2.149351201201014590e+02
-1.344261404798575938e+02
-3.317611905872494162e+02
-5.907410966531232077e+01
-1.063195160472811125e+02
-1.529216875066384205e+02
-1.047046714409582648e+02
1.051823348984811446e+01
2.341069588469606515e+02
-7.793459312319167509e+01
-1.578177460687099654e+02
-2.596892617170370272e+02
-8.082973426506548265e+01
-2.842957207352318960e+01
1.152059852418486798e+02
-1.199784444724369337e+01
-1.208551845089826315e+02
-1.857961487280810218e+02
-1.327217081559702478e+02
-2.908605399591860419e+01
2.978484456157158888e+01
-1.897068742705289424e+02
-1.310894466619444074e+02
-1.036458824827507357e+02
-7.753506764406500906e+01
-4.774832521236290006e+01
-3.533685762284309817e+01
-9.623208695969033499e+01
-4.897120895410270691e+01
-1.883937902325769187e+01
-1.092440463544399734e+02
-2.017452150506497901e+02
-1.647332170127886002e+02
-7.504159861500750139e+02
-7.434307180085195910e+01
-1.053968982434493853e+02
-8.105230878545582129e+01
-3.070244348450491998e+02
-2.319719866123877807e+02
-9.419337133516549443e+00
-5.693311700254577801e+01
-1.941947753202667286e+02
-7.618400348295783431e+01
-2.014964848620809050e+02
-2.893389842099753650e+01
-2.408414525178033045e+02
-3.126135466007532955e+02
-8.667099989337884836e+01
-1.907820078434037896e+02
-2.853490791100584545e+01
-1.492610778591075871e+01
-1.984325824157750731e+02
-2.144321945540752949e+01
-2.923379716402064332e+02
-3.224893738507240926e+01
-1.517405336713083273e+02
-5.075828434223568308e+01
-4.655550388127528549e+01
-2.927443429725657609e+01
1.652074106870113610e+02
-4.717206690428035643e+01
1.378284830874683280e+02
-7.465129856216120174e+01
-1.327698349791383805e+02
-1.586113255002113647e+02
1.726984474490680270e+02
2.322010723719863279e+02
1.873515912955667773e+02
-1.888138278957272576e+01
-2.242283787002408530e+02
-8.061824178424623710e+01
-1.046886276693408035e+01
-2.058108076399856827e+02
-2.256776920341793868e+02
-7.554848694339561632e+01
2.407056527769444756e+02
-1.534618945925220999e+02
-7.476922414265618499e+01
-8.766026026849441166e+01
-3.139290988463631038e+02
4.212663153010018391e+01
1.884276493155784920e+02
-7.686274442307376376e+01
-7.272436303514767530e+01
1.764878029594232203e+02
2.605542762617663470e+02
-9.072884072494485963e+01
-2.019521248689691220e+02
-1.004497314717095833e+02
1.685012367852950774e+02
-4.266456396810113461e+01
1.738746337039358991e+00
-1.159240194899364695e+02
1.997093376772653528e+02
2.487957471060268233e+01
-4.978281621359940345e+01
2.674211324954464999e+02
-8.518765801218876277e+00
-8.547899098460996470e+01
-2.028308639105550810e+02
-5.730596342714399327e+01
-1.334850329634399202e+01
-1.023846169647562192e+02
-6.131912019216289877e+01
-9.669142685135598470e+01
-9.735655952971679028e+01
-8.558169395093364074e+01
-4.553227347850470608e+01
-2.373798260863862026e+02
-2.400944496047898156e+02
4.910673677754530786e+00
-9.913530722003979179e+01
4.325837245782238938e+00
-1.535751802365262222e+02
-2.551064945008375275e+02
-1.019088228519163124e+02
-1.884850895998279157e+02
-1.019506564252557581e+02
-4.897513582771330931e+01
-1.174124885678512413e+02
1.524685092495072354e+02
-2.783260532950054085e+02
-2.039068912624409222e+02
-5.175518358826295184e+01
-1.450413856358699149e+01
2.498995666488879692e+02
-6.789903746230130821e+01
-5.377055923588140729e+01
-3.359177827240993963e+01
1.509983856774776712e+02
2.262296646177437935e+02
-7.286205897967724354e+01
1.088076887223431299e+01
1.883606263644524006e+02
-2.307017680106748401e+02
-1.618315537458286713e+00
-2.182769172372339028e+02
-5.418202773373765524e+01
-9.637036046029280101e+01
-6.343350306544603967e+01
-5.725976398672364809e+01
-5.686890506250790622e+00
2.525756790732989145e+02
-5.372502052189473432e+01
-1.594729909681420281e+02
-4.369852122144122575e+01
-1.192895033670200178e+01
-1.460862664697770299e+02
-6.218040462388788114e+01
-1.399283013835394911e+02
-2.873785886657891808e+01
-3.989193875553464608e+01
-2.930425379181967571e+01
-1.937712574929801690e+02
-5.422531100500519585e+01
-9.854184887095995293e+01
-5.253138848273576400e+01
-1.042091992135171949e+02
-7.866863535547805952e+01
-2.183229472425933295e+02
-3.036208843553336578e+01
1.491841888756726462e+02
-7.422840089442226486e+01
-2.337986620135718283e+02
-1.294008597824432059e+02
2.201517302015931250e+02
-3.043292515266840326e+01
-3.924612775263386766e+01
-3.854906416417669845e+01
-5.115535949436520013e+01
-5.889569246536215275e+01
2.137885225467062185e+02
-2.241989563530156602e+02
2.595821123554599126e+02
-1.663080937420189684e+02
-2.230670442794180985e+02
-8.728111251750010524e+01
-2.173635338292274355e+01
2.546236617285015029e+02
-2.182970617911573186e+01
-5.203385214703414618e+01
-7.182670171883079036e+01
4.358907096191035180e+01
-2.827063336236108171e+02
2.157598529424556659e+02
-1.892318883081542822e+02
-6.077820590988162053e+01
-3.779585726202108020e+01
2.056511497749274326e+02
2.434604188391926414e+02
-2.188834745058602209e+02
-8.181895925660654711e+01
-2.747485555348414437e+02
-2.126839198294657649e+02
-1.975668575439423762e+02
1.858082441131159044e+02
-5.135778970631430695e+01
2.319877870624318348e+02
2.095766826041993340e+02
-1.134971727325938815e+02
-2.866152184027653504e+01
-5.022268829841310378e+01
-2.249600237853709928e+01
-6.427446808034527237e+01
-2.193936496824179017e+00
-1.554956894230218438e+02
-1.703689956679467628e+02
-1.393662132174262922e+02
-4.124047925003337411e+01
-9.873747565596650588e+01
-2.786632874452729425e+01
-2.579632543022876234e+02
-1.045930713838207140e+02
-1.699802376512785145e+02
-5.764566542532945448e+01
2.136676746849632025e+01
-1.672754319424077210e+02
-1.636696351229441859e+01
-2.255061119035470654e+02
-2.792194085786744608e+02
-1.105325802423187724e+02
-6.145142476346412508e+01
-2.256599053769957663e+01
-1.870278310000161639e+02
-6.962557640231267442e+00
-3.199348842349836559e+02
-1.521185192218302689e+02
2.309224503216887001e+02
5.974620718380171525e+01
-3.326780971487841043e+01
-2.295240159670254059e+02
-1.331199579263036696e+02
-5.607874200108801688e+01
-6.674396170621422186e+01
1.169094551946564309e+01
-4.691330843091687086e+01
-2.803568819923328306e+02
-4.784430133240277883e+00
-1.734290945203531464e+01
-1.419824412020822137e+02
-1.385301065902630171e+02
-8.918089846213170802e+01
-5.517817745965526655e+01
2.603484771336716790e+02
-8.285466105878192877e+01
2.678436004055399735e+02
-2.705295826190625235e+02
-2.591564810158772616e+02
-2.033194294622826703e+01
-7.007530078806428264e+01
1.901408065339789744e+02
-7.179570478979783843e+00
2.374423369964264907e+02
-4.929213412000662942e+01
-7.882476165691943493e+01
-5.388880689746000030e+01
-2.058465721535015973e+02
-3.348096972919198322e+01
-8.187960557444132803e+01
-1.632972214647757880e+01
-5.395524989192452381e+00
-3.476618288127549761e+01
2.293578902331092593e+02
2.544547809695718286e+02
-2.728582295671778013e+01
-7.579931355510748858e+01
-5.796975838978232787e+01
-2.018691179668176403e+02
-7.019290427394753351e+01
1.605293191564827566e+02
-8.717456765403166230e+01
-3.571512300522563521e+01
-2.303031641751254881e+02
1.065517632665088854e+01
-2.605930943406980873e+02
-7.293812644313098303e+01
-7.005940974299483059e+01
-8.837618959661976703e+01
-7.909866572661383088e+01
-2.542527656063559505e+01
-6.543968958681492154e+01
-1.920799077102768138e+02
-2.581098048692339262e+02
-3.021494853156672775e+02
-1.499485553651604164e+02
2.192412172220204241e+02
-3.466077172534527335e+02
-1.062020601045845893e+02
-1.532858563438636281e+02
-1.090591064779735575e+01
-1.020696472659676743e+02
-7.213098468354112924e+01
-1.375719601645452599e+02
2.519796266479605720e+02
-3.857563087220492548e+01
-1.909679958371867770e+02
-2.870673578146574414e+02
-4.585308167322462936e+01
-2.137957036816811467e+02
5.588000812536719764e+00
-1.689555772526677799e+02
-9.995985983793714524e+01
-1.570456048799567839e+02
-2.971228357409438559e+01
2.060211201947798827e+02
-7.083298329189861420e+01
-3.750815993904853229e+01
-6.447474755177424299e+01
-1.801705339217331812e+02
2.287365129327355362e+02
2.173754259995948246e+02
-1.659254037234253758e+02
-1.456700122361338856e+02
-1.315058115673748489e+02
-2.488338448612150842e+02
-3.288002837452509652e+02
-5.835572197999520938e+01
-9.255118399262670437e+01
-1.583694589991796136e+02
-1.911634248584672946e+02
-1.266695172672289118e+02
-1.810916390151194832e+01
-4.530229795878058496e+01
-2.750294041615069318e+01
-3.231040236601556899e+02
-1.662023747399452134e+02
1.514275952189800591e+02
-9.619216773628301098e+01
2.245194512186466795e+01
-1.700892316065964849e+02
-9.098653323254339398e+00
-1.379839627829374535e+02
-2.566129955063944124e+01
-7.141777918713886208e+01
-1.457558593971611742e+02
-1.783762519839233960e+02
-2.056246332563149792e+01
-1.225974689385948864e+02
-1.938719503679994318e+02
-3.108855219761781541e+01
-7.164799824884437385e+01
-7.379497230738775215e+01
-8.486937606762661801e+01
-2.442055774522156923e+02
-1.253186360946849049e+02
-9.559978511970805926e+01
-8.208876644340850248e+01
2.708678863959435148e+02
-6.064179764043745990e+01
2.753265425290963435e+02
-1.159772944927768208e+02
-1.542088007990142557e+02
2.630650152987122965e+02
-1.790714101230660447e+02
1.653322920561565752e+02
2.234101420751856608e+02
-1.736291710220530433e+02
-1.635832699559957462e+02
-8.347092091251639090e+01
-1.224994225940547352e+02
-3.326632740962462265e+01
-2.288968106096414203e+02
4.213095616842349500e+01
-1.473777972046163143e+02
-1.034131244872708777e+02
-1.962310063682846817e+01
-8.363576961118602071e+01
-6.600710162104871870e+01
-7.656953509136982916e+01
-7.646807246123046298e+00
-1.367466584935036451e+02
2.569443647678689899e+02
1.450499640309794813e+01
